# Number of parameters = 142 Objective function value = 3714.61593478561  Maximum gradient component = 0.000108672960874054
# log_rbar:
8.90218868865
# log_fbarc:
-1.40222899803
# log_fbarr:
-1.31302851301
# log_tinfl:
2.62466859216
# log_tsd:
1.50407739678
# log_mfec_exp:
0.401122358674
# wt:
 0.450901929329 -0.231133484760 0.299506077279 0.500178391598 0.683771189857 0.216374168190 0.417748402257 0.563209173066 -0.0890155279110 0.603102600777 0.351368572944 0.375644665948 0.283469289674 -0.127844662835 0.398335238734 0.364607169995 0.431997797820 0.397092733840 0.289504344894 0.236669026907 -0.163870086548 -0.487266197634 0.819051366436 0.367524393535 0.396396101133 -0.332692426977 0.130108620969 0.298105173364 0.0661597810309 0.0464854641334 -0.292178068837 0.569881596654 0.118453908168 0.505355966774 -0.0917646070537 -0.577103161644 -1.23078923394 -0.935731149229 -0.357156141356 0.226983763274 -0.310460140762 -1.17162258175 -0.608305435662 -1.50005737438 -1.24033648945 -0.660660185152 0.00000000000
# log_ftc_dev:
 -1.15592553129e-06 -6.32504315590e-07 -1.06930731292e-06 -1.79925857680e-06 -3.46989912003e-06 -5.09646114821e-06 -8.91031812245e-06 -1.34341253499e-05 -2.18077546563e-05 -2.96735797871e-05 -2.43980617647e-05 8.25867387633e-06 8.15380612664e-05 0.000200436070825 0.000390180646628 0.000766569509999 0.00142148681032 0.00252482052065 0.00411844897961 0.00635318873530 0.00930253272787 0.0127533854262 0.0158794739157 0.0183288479004 0.0179034821775 0.00662192955860 0.0358433676554 0.112640463690 0.308411913275 0.168574903763 -0.0676861127396 -0.296210481494 0.804764963958 0.756294639031 0.770830980682 1.20564236217 0.000787847923974 -0.139198892554 -0.128519326239 -0.629918766565 -1.24067347006 0.00914697767089 0.184675293394 0.846087906076 -0.0619671521046 0.00000000000
# log_ftr_dev:
 -4.91850183337e-06 -3.52728130437e-06 -4.87919963632e-06 -9.25276631492e-06 -1.26617688156e-05 -2.11880374259e-05 -2.95702848678e-05 -2.50915900004e-05 -1.88998276585e-06 3.28760247541e-05 0.000188591380667 0.000405167425408 0.000772183425770 0.00126199944813 0.00224229870718 0.00426530473275 0.00610701154923 0.00924392375670 0.0127542446111 0.0163964055146 0.0188175785672 0.0179915168912 -0.00659598466516 0.0847780578085 0.123241056150 -0.00897906977745 0.255302821478 0.349189828128 0.452555314270 -0.806541593668 0.170014696355 0.266773631557 0.117497139570 0.150732356043 -0.352684052212 0.840166526528 0.702294496740 -0.0642091189395 0.247710509223 0.623753981371 0.438076413002 -0.384062823746 -0.234210652567 -0.249868117389 0.488272202170 0.00000000000
