# fyr
105
# lyr
118
# fage_adult
3
# fage
1
# lage
33
# fckmr
1
# nckmr
190
# S
0.653540735320624 0.671411705451449 0.70578545038524 0.629981241640446 0.639765074895134 0.642469066750406 0.644730089129335 0.651487165759919 0.66015068917547 0.669414729038358 0.678139034345635 0.685245977307429 0.691293922372465 0.696964349847927 0.702289047531838 0.706599982863072 0.709923577073306 0.712999506887397 0.715860816696047 0.718536554828688 0.720331357330521 0.722706212091905 0.724237348445837 0.725662216046184 0.726995275481286 0.72752111821616 0.728705096160421 0.729829862379976 0.730172897886798 0.731201179591356 0.731459402362212 0.732415437712359 0.393709541187967 0.653130679631064 0.670729410143982 0.704824223410132 0.625792367197109 0.633229452492543 0.632234533913851 0.631272992868358 0.636341394721741 0.644305894134498 0.653257204488095 0.661807831874239 0.668812615146848 0.674787132514194 0.680388087506838 0.685644599996771 0.689904459144045 0.69319391791826 0.696235862626341 0.699063266462175 0.70170513434297 0.703482929873394 0.705823940310289 0.70733811062704 0.708746022636727 0.710062128913075 0.710587956712783 0.711754987397679 0.712862795651534 0.713205835830407 0.714217149151042 0.714475380472896 0.715414432490707 0.384573091013859 0.653360510336951 0.671036888348765 0.704963017969529 0.625146496506609 0.628291205206571 0.620360709260964 0.613360311267539 0.615199799086373 0.621717085868711 0.629924774904558 0.637994570202583 0.644656527211024 0.650355104411984 0.655706610373111 0.66073357933856 0.664805447436293 0.667946594948864 0.670852978186793 0.67355585735378 0.676082751759236 0.677779550040295 0.680021085760868 0.681467826510382 0.682813781163905 0.684072662121904 0.684571386897996 0.68568887501728 0.686750200987945 0.687075550550133 0.688045363513121 0.688290274636674 0.689191561564436 0.370475349600069 0.654420001973917 0.672740298173924 0.707126053644605 0.633577242938367 0.638178675109457 0.632281850328286 0.62693456928465 0.62954956161882 0.636296590409146 0.644534313998391 0.65256978747382 0.659164492628785 0.664791552313804 0.670085156715543 0.675067791411629 0.679093538191336 0.682185579151085 0.685052860492517 0.687725397670523 0.690229594771302 0.691896231154912 0.694127533825952 0.695554982667038 0.696886040345759 0.69813383765549 0.698610741329359 0.699723331339972 0.700782249562736 0.701093328986312 0.702064773163514 0.702298930081145 0.703204890711757 0.378001850257883 0.654693472124605 0.673195054088576 0.707764066548084 0.636368519602222 0.642473342280563 0.638908276457037 0.635555990657214 0.639201376786648 0.646369718812253 0.654793455541654 0.662930701629981 0.669583604582297 0.675251691540308 0.680584578615702 0.685606301911063 0.68966083805027 0.692771412975936 0.695657540204592 0.698349225203397 0.7008728517623 0.702548518788053 0.704799725995487 0.706236607064532 0.707577262112705 0.708834803651922 0.709310876509226 0.710433446998562 0.711502448390455 0.711812977181256 0.712794666572318 0.713028405977701 0.713944737877293 0.383773346814285 0.654304890149817 0.672586151148701 0.707056440006878 0.633904448908946 0.640681746764399 0.63830416863537 0.636023243305891 0.640275554783443 0.647752722325524 0.656362563855843 0.664636859752833 0.671400779317529 0.677163610243604 0.682580013252777 0.687675779115166 0.691793997286335 0.694958764140023 0.697892615311025 0.700626396357332 0.703187230242079 0.704893516811626 0.70717398299437 0.708634539988318 0.709996067843562 0.711272054579999 0.711762017548861 0.712899094323765 0.71398102501414 0.714300627359205 0.715292683843007 0.715533257730631 0.71645803149004 0.385126775800202 0.655297981461552 0.674063144982604 0.708440664572865 0.636996142885101 0.636067649778189 0.621212186938487 0.608153448945453 0.606649558951147 0.611505886658335 0.618731632695625 0.62608721393444 0.632177444701209 0.637390509162753 0.642312860175574 0.646957895152524 0.650702831181131 0.653567710699519 0.656229962612669 0.658716665786673 0.661051663156287 0.662592820306189 0.664681930327562 0.666007517642814 0.667246241163899 0.668409947312828 0.668839678842513 0.669881555416651 0.670875099772282 0.671155381804318 0.672070136655844 0.67228110204431 0.673136890067923 0.361833712523028 0.654884354648233 0.673369788930859 0.707447322672137 0.632564372162758 0.629047073691416 0.610290651351176 0.594017339982671 0.590889259816068 0.595078413371165 0.602000373885401 0.609182817900511 0.615169562804396 0.620307444335793 0.625158211932245 0.629732806810643 0.633424924898984 0.636254475499236 0.638881530424381 0.641333105221118 0.643633004209651 0.645156511749989 0.647210547103171 0.648518528494352 0.64973965947276 0.650885778747977 0.651315456288104 0.652339759035728 0.653315721889482 0.653595980485101 0.654493149351763 0.654704101212273 0.655542293135461 0.35237825293157 0.66088994507242 0.682834627010778 0.718574758169916 0.672725355924498 0.660212520686881 0.626177952962584 0.596935385052002 0.586721593284532 0.587278687950031 0.591954329753511 0.597448092627588 0.602043451939245 0.605986671751697 0.609789015292972 0.613439660108363 0.616333204042952 0.618477920612782 0.62050496185955 0.622430218764073 0.62426773213777 0.62540402328754 0.627099430508253 0.628110719931767 0.62907165359941 0.629989161111804 0.630238657843804 0.631085548236223 0.631904588845877 0.632067219098358 0.63284073219132 0.632963108102121 0.6337026287128 0.340605603552405 0.65423994980992 0.672130407818058 0.705049687986969 0.619391301434878 0.600631723893293 0.55934025394845 0.525206023493449 0.51316208062003 0.513511716862888 0.518498271487964 0.524446947924206 0.529589221771491 0.534062176583549 0.538300239773199 0.542298523807294 0.545531165313632 0.548014666253274 0.550317893759766 0.55246476405263 0.554476428822187 0.55581527065367 0.557607723531447 0.558754423879393 0.559823691327966 0.560826073978703 0.561209181048929 0.562102948765307 0.562953600770633 0.56320349762743 0.563983879832881 0.564171983170248 0.564899761020604 0.303657095814413 0.65851008851999 0.679036017417383 0.713929712681593 0.654804787647571 0.64280360990837 0.610213586205165 0.582374673800086 0.573078581154076 0.574259355975977 0.579416688172107 0.585320514863949 0.590288867277412 0.594564290057281 0.598652234791356 0.602547187944464 0.605659288586181 0.608000713134067 0.61019592194186 0.612264542304712 0.614223900086056 0.61547332062194 0.617255677224847 0.618349699966695 0.619381122387165 0.620358521737548 0.620668311551486 0.621557932318269 0.622412827160723 0.622614809362133 0.623413025728325 0.623565030947694 0.624320877744121 0.335575783587786 0.663832862083923 0.687583123375651 0.724555736427184 0.697239501425551 0.687250167627061 0.656098838894872 0.628804100900695 0.619249292048464 0.619759531464863 0.624168686186795 0.629345238743288 0.63359697281091 0.637217508634361 0.640750270340321 0.644180336191313 0.646866534576974 0.648812426484668 0.650674881873948 0.652465292505785 0.654193743109069 0.655213481250226 0.656841568028439 0.657772593866759 0.658667862752206 0.659532334910131 0.659710240347412 0.660524522689367 0.661319145814597 0.661435074756752 0.662197435522521 0.662284657190374 0.663022990424688 0.356348333420808 0.658643319023938 0.679250715472334 0.714201366194645 0.655889452862491 0.644026034996536 0.611602988984489 0.583881837276748 0.574632107229726 0.57581995588686 0.580971411701444 0.586865692310652 0.591822384931241 0.596086482172849 0.600165099143795 0.604052604410347 0.607157453547405 0.60949164672572 0.611680959833128 0.613744848220406 0.615700485555406 0.616945590797925 0.618725869148587 0.619817005984794 0.620846118674156 0.621821707334981 0.622128657741293 0.623017275896051 0.623871492683484 0.624071620794899 0.624869685025597 0.625020293938597 0.625776384120294 0.336357417121287 0.656568070185948 0.676004232503048 0.71048235954026 0.643022667314669 0.636000503635432 0.611427084503238 0.590216873403804 0.584419472089188 0.587288069160579 0.593425733557862 0.600035008707763 0.60556144643372 0.610308036017487 0.614813196442657 0.619080537052404 0.622509537209709 0.62511656023076 0.627547151898658 0.629824921879903 0.631970683415033 0.6333688996283 0.635300748184194 0.636511341859843 0.637646343359134 0.638716079779308 0.639090045545793 0.640053775090789 0.640975490773764 0.641219366770911 0.642072565559218 0.642256116573687 0.643058057898809 0.345658044112823 0.657893936314256 0.678132032533676 0.713147318072751 0.653449778968564 0.647392287736059 0.623918802793971 0.603471125641894 0.597940044246978 0.600792217400232 0.606823300983031 0.613304040663623 0.618689850178865 0.623303584373803 0.627697278568136 0.631873044332738 0.635215638142016 0.63773958334893 0.640101215291913 0.64232233241161 0.644422143502225 0.645771295582959 0.647674584439997 0.648851265520786 0.649958466289639 0.651005696917803 0.651349479587671 0.652299282605497 0.653210516749338 0.653434677906339 0.654282980936728 0.654451682796106 0.655252929515953 0.352205636796984 0.657282077010705 0.677241872558713 0.712408826608326 0.652401067181285 0.65282660603635 0.639540625880019 0.627610922952899 0.626506026484242 0.631326065583535 0.638374091044148 0.645518105625549 0.651380222453968 0.65637858998222 0.661119709154602 0.66561467347409 0.669219051710764 0.671950035257719 0.674500579230585 0.676894927538489 0.679154408468468 0.680616646347508 0.682657620108372 0.683928155438568 0.685121459611115 0.686248093456198 0.686630187689784 0.687648521653768 0.68862395673357 0.688873116132883 0.689778574178912 0.689966095604268 0.690819215860246 0.371326818602076 0.658158934479335 0.678556709419574 0.71367575827225 0.655514734667263 0.649587091076069 0.626237263015699 0.605863522553965 0.600345156805281 0.603175688249259 0.609175632131598 0.615624086811097 0.620977010605244 0.625560331242636 0.629928265400578 0.634082535928073 0.637405255865216 0.639910551477016 0.642256536490663 0.644464621544786 0.646553672734568 0.647891915230116 0.649788133737948 0.650957119461632 0.652057920836043 0.653099874420591 0.65343726346852 0.654383607643554 0.65529211251752 0.655512098594057 0.656358855350654 0.656524412926845 0.657325002780875 0.353317909686095 0.658523740897723 0.679082420703451 0.714087906240534 0.655922908519412 0.645746970147655 0.615875179558945 0.59019530748993 0.58197286015607 0.583610583726141 0.588993859109413 0.595039313127263 0.600103618687937 0.604454219021218 0.608611403272089 0.612571529078571 0.615735518441314 0.618115931237425 0.620347671822614 0.62245071069918 0.624442667021013 0.625712874298543 0.627524883834968 0.628637107724463 0.629685689800528 0.630679350025849 0.630994293775468 0.63189871505355 0.632767832676229 0.632973175230656 0.633784671424186 0.633939205535663 0.634707627262111 0.34115871655172 0.654466054937363 0.672660430953674 0.706398459501397 0.627773841149726 0.621071362783069 0.597551009235141 0.577402190231808 0.572324192631684 0.57570077305832 0.582240211142629 0.589195960171542 0.595040388655754 0.60007162036734 0.604822076955009 0.609299604067371 0.612917253146077 0.615694606967692 0.618270955033528 0.620673065162183 0.622924543334924 0.624421254771468 0.626428535437148 0.6277112018901 0.62890761039623 0.63002951317595 0.630456276087091 0.631457187294193 0.632410073738642 0.632688442955578 0.633563056494395 0.633772590296128 0.634588610427989 0.341117029377891 0.656148695021499 0.67529209928469 0.709428996616266 0.638152933631564 0.62793662993391 0.598663719671454 0.573708025804546 0.566057678262414 0.568164107160767 0.573947026268746 0.580348284133399 0.585746662754567 0.590398415238059 0.594813580489441 0.59899297294395 0.602355260435414 0.604916601267563 0.607302228122367 0.609535608868893 0.611637449901713 0.613012495163945 0.614901161651973 0.616089258610908 0.617202031972776 0.618249766610467 0.618622399191004 0.619564499844818 0.620464721425257 0.620707738217949 0.621539671621928 0.621722579529806 0.622503419931445 0.33461158345443 0.653095396936368 0.670374866237597 0.703163631736643 0.613745313274824 0.599592100448359 0.565298077495344 0.536677993124033 0.527437522750911 0.52910131767452 0.534837384257223 0.541318933107174 0.546873875888114 0.551692193139441 0.556239050996397 0.560516116656548 0.563983313334173 0.566659882740357 0.569135945410747 0.571438069418347 0.573589731969471 0.575036117491816 0.576943775395997 0.578176342237625 0.579322726722868 0.58039465247649 0.58082112357009 0.581772141504072 0.582675130537572 0.582953348375877 0.583778078961956 0.58398751242709 0.584753640218876 0.31433534292667 0.655357682950005 0.674029178701233 0.707868533533512 0.632239173191724 0.621851368975476 0.592536441346306 0.567626490639428 0.560065240558823 0.562280391186453 0.568169922544234 0.57467134956339 0.580167356542321 0.584908294176062 0.589399457762775 0.593642888321815 0.597063839203074 0.599679567109958 0.602111153778903 0.60438314653776 0.606517207719122 0.607924011428006 0.609834503285168 0.611045293286201 0.612177100386112 0.613240697970203 0.613631438975806 0.614584261747092 0.615493141950952 0.615747989786158 0.616585233787802 0.616777053872787 0.617560686744192 0.331958934901348 0.645568371537603 0.658501893270864 0.688858014394221 0.564091659072453 0.554021802687509 0.52763784911957 0.50595185970984 0.500706872763634 0.504670889811213 0.51199695958233 0.519765762145983 0.526456521414896 0.532279986292801 0.537701864450308 0.542738978060651 0.546881358583137 0.550158354715662 0.553153630318237 0.555903951996156 0.558441875436722 0.560235405642981 0.562428219357609 0.563919491808235 0.565288780128247 0.566552548425359 0.567157585041295 0.568249977145514 0.569274074375656 0.569669104163621 0.570582002748418 0.570879480598976 0.571708980722676 0.307360730825871 0.65983365827408 0.681152202593093 0.71653543769274 0.664907117815454 0.652959911961652 0.62007207009811 0.591853266364273 0.582246499551907 0.583166445038028 0.588099235515741 0.593802623786084 0.598582573970925 0.602688250631465 0.60663105338859 0.610402896427659 0.613403657287219 0.61564343738705 0.617752316333449 0.619747925063385 0.621645831425073 0.622836457430357 0.624576116203734 0.625627679904715 0.62662322550725 0.627570445801608 0.627847807107403 0.628716476889735 0.629554120069478 0.629734933635337 0.630521897035921 0.630657962588267 0.631407064065063 0.339377493963456 0.654981051239128 0.673461357051394 0.707303249923941 0.630768659823263 0.622698089573265 0.596967158843049 0.574974304744569 0.568916256732264 0.571818929206958 0.578083039888589 0.58484068344357 0.590528568923164 0.595427619407424 0.600060812130196 0.604433476150128 0.60796192116588 0.610664588937901 0.613174651375219 0.615517778571278 0.617716612770718 0.6191714290398 0.621136366897962 0.62238613912279 0.623553285999436 0.62464907213552 0.625057842810645 0.62603774028386 0.626971654205106 0.62723827249558 0.628097230780183 0.628297914219798 0.629100770667688 0.338164242978946 0.642157507980009 0.653030446445416 0.681803236906389 0.538658679816156 0.522957515839565 0.489060558424146 0.461733458374798 0.453789088955414 0.456676982876002 0.463515773190243 0.471015086523778 0.47757836889042 0.483327901259848 0.4886681773285 0.493612626348462 0.497700045931258 0.500960516627624 0.503929455129669 0.506644596118072 0.509139437127843 0.510932190710536 0.513068738156661 0.514547653439449 0.515899828400505 0.517142314974862 0.517771831096551 0.518836128049647 0.519829341721063 0.520240503943181 0.521117986861387 0.521427665585195 0.522218302909875 0.280769062377486 0.648136776621236 0.662513887747446 0.693560279937875 0.579470491484835 0.565997352214004 0.533956202353821 0.507565935651796 0.499776417825541 0.502425324166024 0.50892358157208 0.516060032661137 0.522223052217185 0.527589456029332 0.532608182022949 0.53728869855957 0.541121203783126 0.544130995356925 0.546891704488534 0.549435993703343 0.551792769232194 0.553433620308627 0.555485927425194 0.556860106803856 0.5581267146162 0.559300306745463 0.559833342982399 0.560855887629244 0.56181829412043 0.562166217218433 0.563030692530312 0.563292662559612 0.564083724538103 0.303248477930248 0.657015372360176 0.676573728821719 0.710590435285505 0.640502825490559 0.623006772493678 0.582775602795407 0.549146993057015 0.537130842838542 0.537278869722197 0.542011272827561 0.547702423435408 0.552577709049794 0.556801878512929 0.560831008560242 0.564656865689799 0.567727565388757 0.570056245612971 0.572230484655622 0.574270903249677 0.576195730634525 0.57744314326495 0.57918066497525 0.580263754034722 0.581280640589455 0.582240375574585 0.582567902667171 0.583434802022331 0.584264923845397 0.5844785036147 0.585248636641097 0.585409381301606 0.586134644902584 0.315057784516984 0.651303960921529 0.667368388365471 0.69882142202387 0.594932225347307 0.570093958254515 0.520991424268165 0.481358322450744 0.466861054805218 0.466312527269582 0.470937465075617 0.476713822914782 0.481807060244583 0.48627139689231 0.490483687732674 0.494437386638794 0.49765540951562 0.500155950313282 0.502461799470632 0.504598588580174 0.506589029469976 0.507944791020851 0.509697786941815 0.510845527707062 0.511909401202138 0.512900794365056 0.513315963357846 0.514189664380441 0.51501657271274 0.515287466700189 0.516038151293351 0.516242088825692 0.516935671289547 0.277887288223606 0.650406815430764 0.665975930775316 0.697243733202027 0.589906353182193 0.56725458946182 0.521445479264169 0.484333274323813 0.471106045292622 0.471174031411444 0.476169894246994 0.482221304861018 0.48753610211416 0.49218921600147 0.496569234078614 0.500672856677538 0.50401894321104 0.506627279853512 0.509028675985366 0.511250340653214 0.513316377689995 0.514732886008816 0.516546368787502 0.51774164101055 0.518847705023174 0.519876661052008 0.52031837711002 0.521222126017684 0.522076073237176 0.522364317202439 0.523137148281664 0.523354157295065 0.524066209007975 0.281724582328242 0.647837961678992 0.661971756834849 0.692614139528588 0.57487436378954 0.556869029245723 0.518312351301767 0.486908844434682 0.476631590268299 0.478169885471386 0.484069257245091 0.490800565654199 0.496673132420171 0.501805490762 0.50660954274554 0.511089987686754 0.514760835751282 0.517646049215202 0.520291546966008 0.522728713537287 0.524985350311773 0.526558977253787 0.5285224588183 0.529839323806049 0.531052609685677 0.532176328431846 0.532689628018579 0.533667897771136 0.534588252630485 0.534923302620678 0.535749348424515 0.536001628876708 0.536756973155146 0.288558974701952 0.640835575755199 0.650888401986244 0.67894081221656 0.528175757787541 0.508871158529926 0.470102931407426 0.43917060789233 0.429473060363087 0.431586756204667 0.438007813597817 0.445227088748975 0.451601638389891 0.457204841708674 0.462407246822968 0.467219180017148 0.471204491842975 0.474392692711955 0.477292161517561 0.479940143158208 0.482369740311209 0.48412566204352 0.486199945153802 0.487644615317439 0.488963557279317 0.490173666736973 0.490798517542639 0.49183180836623 0.492794537560091 0.493202709845524 0.494050557837907 0.49435800458208 0.495119627268631 0.266205153010246 0.640494253310439 0.650202275876139 0.677495876252664 0.520907277419281 0.492824672487159 0.442001039330962 0.402323444640941 0.388362307134596 0.388458740600319 0.393678071848559 0.400018242989986 0.405723236890068 0.410770942940637 0.415467156162987 0.419813057307218 0.423414475333801 0.426297395920829 0.428918680933806 0.431312003023813 0.433507335927904 0.435095710540063 0.436968877269859 0.438275030852371 0.439467176653278 0.440560631697312 0.44112730085831 0.44206041073651 0.44292952847284 0.443299705041721 0.444064637245801 0.444343468180841 0.445030199759343 0.239275167533459 0.644237398294871 0.656105002464734 0.684722075882841 0.544742312053649 0.516217912525961 0.463884987369747 0.422734355510212 0.407909331325809 0.407504877708125 0.412380445123129 0.418437349972478 0.423871966892063 0.428671838019318 0.433156543630432 0.437323790890308 0.440758813253626 0.443484892439943 0.445973311339866 0.448254889546819 0.450357017964373 0.451851653362749 0.453662089582514 0.454901242400533 0.456037264863438 0.457084060839246 0.457595825646038 0.458497696718904 0.459341792306714 0.459675966845115 0.460425994967779 0.460677660387558 0.461357124379842 0.248038350528304 0.642846558824924 0.653965514270241 0.682329777277539 0.537742691142718 0.512730746839501 0.465524385802902 0.428180296265553 0.415245114923643 0.41576777842973 0.421214415510774 0.427702337981704 0.433486889002991 0.438586326096889 0.443338352951634 0.447745364324763 0.451385371423972 0.454284014720747 0.456925719224019 0.459343732754676 0.461567604228758 0.463159881032101 0.465068058363486 0.466383818126106 0.467587925988418 0.468695414611346 0.469249799475616 0.470200339107054 0.471088282775192 0.471450343333617 0.472236373724977 0.472509059478261 0.473218622466993 0.254421317947502 0.61690512934126 0.613495821727444 0.63303491282492 0.391973618813494 0.369500873038363 0.330968784043354 0.301987944611243 0.293685993694031 0.296656342319412 0.303649336601188 0.311384869119246 0.318413007517495 0.324683463773405 0.330436934175046 0.33568847641258 0.340139706895701 0.343826975440753 0.347136122627699 0.350113404979502 0.352800545320691 0.354879598983905 0.357091203656919 0.358752496816261 0.360244152275912 0.361588491007974 0.36244230917216 0.363546628011409 0.364554686522386 0.365113905950442 0.365965068403989 0.366386805700777 0.367119835643133 0.197463645394916 0.631808744714492 0.636813525597118 0.662099981161777 0.476513673551649 0.462358980272165 0.432851318828777 0.409678263857305 0.404219414424327 0.408631889648185 0.416578016088871 0.425015385036825 0.432466659484578 0.4390292472757 0.445073523791801 0.450622322500264 0.455266071792595 0.459042515898861 0.462453258276615 0.465544609626664 0.468357904864446 0.470458911311593 0.472818598596201 0.474521920845124 0.476064295048927 0.477467175158656 0.478270651366693 0.479446684629449 0.480531996499366 0.481057374752924 0.48199494903238 0.482390861197522 0.483217406823769 0.259844703768696 0.636365317631967 0.644122763029067 0.671732117247873 0.509337356600943 0.505777050349329 0.491278698554869 0.479979781856209 0.480637763867337 0.487862594595384 0.497363755770145 0.506860616442863 0.515050469388566 0.522196001277721 0.52878004126186 0.534837997879809 0.539882254470538 0.543953801400204 0.547641952603286 0.550995818385778 0.554059055990994 0.556313477956973 0.558903249981374 0.560742775627085 0.562414547778069 0.563941015993172 0.564776564459238 0.56606685395152 0.56726278381426 0.56780886574967 0.568851157703087 0.56926257807341 0.570189477519775 0.306590337245119 0.636823656520434 0.644974293111998 0.67331240166291 0.516658400856828 0.521502832248949 0.520197621826155 0.520223619813575 0.527021159966007 0.537152360942389 0.548277617653723 0.558899747647155 0.567928593619335 0.575763973976621 0.582972221592492 0.589602372125692 0.595119544769348 0.599569414322445 0.603601319426955 0.607268917514088 0.610619844016041 0.613082589411755 0.615917696368062 0.617928449594591 0.619756465706985 0.621426207870383 0.622336213892035 0.623748706010331 0.625058429266905 0.625653148767612 0.626795543760084 0.627243599136917 0.628260326040896 0.33781284120789 0.641667908838765 0.652533915924472 0.682319230895734 0.545269358981502 0.54720450493824 0.54019922447785 0.534931510587927 0.538565035390355 0.546886139861785 0.556779083721109 0.566412597271922 0.574580004348067 0.581653985674319 0.588192038012274 0.59423291195154 0.599229007936457 0.603219447381108 0.606850490254333 0.610168745587364 0.613215491907511 0.615411217817014 0.618016334365691 0.619825218297116 0.621477861102095 0.622995271441761 0.623771539366066 0.625069251772357 0.626279306547232 0.626786353760114 0.627853693433642 0.628235603120658 0.629195837075555 0.338288768834161 0.638966952562239 0.648280691071889 0.677108020230019 0.527951490718228 0.529307592038559 0.521970111922601 0.516597807032779 0.520327794044728 0.528870556573263 0.539013842309944 0.548897427354217 0.55732016806743 0.564633251098676 0.571377261080927 0.577593052951755 0.582752200617801 0.58689624904351 0.590657717041286 0.594085924808735 0.59722462215001 0.599512424345213 0.602179841417575 0.604054754610807 0.605762815162047 0.60732640345976 0.608156430900593 0.609485252740913 0.610720337717822 0.611262659381065 0.612345128785185 0.612753663053422 0.613721549957086 0.329983582082364 0.646778963565364 0.660492992982172 0.691610563386567 0.57504912931573 0.570168566639432 0.551359499616342 0.535744940956212 0.533568727328544 0.538855738538515 0.54684505775738 0.555031104461629 0.561996134773061 0.56803009166895 0.573648809142097 0.578874425298362 0.583162969581113 0.58654464876529 0.589640192200787 0.592487076964295 0.595118440553984 0.596966024636042 0.59924732387535 0.600788312491703 0.602205593452478 0.603515882433032 0.604129191339007 0.605265725228914 0.606333043832426 0.606733424140715 0.607688039741396 0.607989529177661 0.608859635479865 0.327327362963948 0.650217237998607 0.665803114588519 0.697555908646695 0.593453961681402 0.579361970284447 0.545896994629331 0.518201899594553 0.509624481679179 0.511785706474777 0.517928134274294 0.524767440214718 0.53066048835287 0.535785284696629 0.540594934975506 0.545095415105397 0.548766101718482 0.551629748837332 0.554264945481145 0.556701776929241 0.558966850883695 0.560522632959381 0.562508971485226 0.563820590804444 0.565033753475456 0.566161810554326 0.566649356419559 0.567639219455243 0.568574108824466 0.568892268164122 0.569737619943536 0.569977154331148 0.570755412943632 0.306824796764521 0.650153928723947 0.665356100773527 0.695590130936865 0.579956866785077 0.543370767429615 0.478766460461481 0.428432465315385 0.409021342109948 0.406318875086132 0.409751228776241 0.414700151764143 0.419203701214956 0.423194795206251 0.426967073875143 0.430505450665467 0.433392600156399 0.435644529882321 0.437717474976251 0.439634876346404 0.441417562357679 0.442640913447002 0.444204957580491 0.445236778691627 0.446191367674944 0.447079198806036 0.447461629837538 0.448241060044496 0.448977370785447 0.449226931516257 0.449893011029608 0.450080897981111 0.450694352605073 0.242282260623651 0.63796534774933 0.646522280814368 0.674206421797415 0.515354774621652 0.505035994940136 0.47995140204072 0.459870562096158 0.455821659408118 0.46072573080481 0.468841666353327 0.477322902057616 0.484709335796418 0.491174533976649 0.497148443698263 0.502655163186342 0.507232130932917 0.510915345223368 0.514256153193562 0.517298521058756 0.520081533127028 0.522117175153075 0.524477865192355 0.52614348054359 0.527659536042252 0.529046076269063 0.529790399604778 0.530966459858399 0.532058461448416 0.532544833623378 0.533499974858465 0.533866378696887 0.534718752887754 0.287509885446936 0.633598307380572 0.639630252756917 0.66560895341257 0.487532827491551 0.474427874779227 0.446105597420192 0.423744818171539 0.418659572736443 0.423211675037933 0.431215659172444 0.439677219589369 0.447121594536865 0.453666929093067 0.459700257016423 0.465244877105635 0.469876463727522 0.473632394046433 0.477028381988239 0.480110193374722 0.482918628363504 0.485004395373079 0.487367098149535 0.48906216337324 0.490599167169741 0.491999211794361 0.492787550846758 0.493964915928706 0.495053260461816 0.495568639736659 0.49651202689482 0.496900368744448 0.497734842742282 0.267643394164696
# Af
0 0.00856049429469717 0.0963025349412018 0.568074634356588 0.941969272506851 0.995033198349943 0.999595720610614 0.99996723116902 0.999997344832071 0.999999784865025 0.999999982568728 0.999999998587635 0.999999999885563 0.999999999990728 0.999999999999249 0.999999999999939 0.999999999999995 1 1 1 1 1 1 1 1 1 1 1 1 1 1 1 1
# FFec
0.3 0.844713729940586 1.54775369198045 2.37847095183379 3.31919644134776 4.35802931394039 5.48624474015836 6.69709023092952 7.9851383034637 9.34590268792127 10.7755942534191 12.27095732323 13.8291552253162 15.447687526087 17.1243284883479 18.8570802290571 20.6441363486108 22.4838532013675 24.3747268595517 26.3153743972524 28.3045185056281 30.3409747137734 32.4236406739782 34.5514871014912 36.7235500541854 38.9389243076807 41.1967576338681 43.4962458303919 45.8366283789538 48.2171846337338 50.6372304595239 53.0961152535857 55.5932192967093
# recr_ind
0.694391016033674 0.351068991363965 0.596831953365065 0.729466116465455 0.876476862492654 0.549221378963522 0.671746388054902 0.776926142095913 0.404683097015406 0.808547730217824 0.628602690414402 0.644049855957538 0.587336883745231 0.389270423519914 0.658831282178804 0.636980240599801 0.681387422894139 0.658013289831622 0.59089239255587 0.560481891327547 0.375495766067316 0.271739008782141 1.0034293028415 0.638886839337253 0.657551902613866 0.317161135705222 0.503697455320724 0.596117846596373 0.472644126495016 0.463381718648059 0.330347569729378 0.78179116426495 0.499373913855993 0.732344475018285 0.402971672537461 0.248011274440397 0.129439395616478 0.173653566860614 0.308389076730244 0.55470842023227 0.325077016761006 0.137284257626607 0.240442758549162 0.0988088650661599 0.127876962259216 0.228531175169936
# rsd
0.01
# comps
0.346834487954223 0.347829644472917 0.0964734312011549 0.0914557151533094 0.0503339641049504 0.0336735787898383 0.0181500197668162 0.00537052420745966 0.00490011332797414 0.00227365258418 0.00160723717157552 0.000313607252990345 0.000235205439742759 0.000313607252990345 0.000117602719871379 3.92009066237931e-05 3.92009066237931e-05 3.92009066237931e-10 3.92009066237931e-10 3.92009066237931e-05 3.92009066237931e-10 3.92009066237931e-10 3.92009066237931e-10 3.92009066237931e-10 3.92009066237931e-10 3.92009066237931e-10 3.92009066237931e-10 3.92009066237931e-10 3.92009066237931e-10 3.92009066237931e-10 3.92009066237931e-10 3.92009066237931e-10 3.92009066237931e-10 0.460138557111075 0.193099316866542 0.199171841922529 0.0577936867397421 0.0432056667776574 0.0218122308045524 0.0132618363291679 0.0062819224717111 0.00167517932578963 0.00167517932578963 0.000663091816458394 0.000663091816458394 0.000209397415723703 0.000104698707861852 0.000139598277149136 6.97991385745678e-05 3.48995692872839e-10 3.48995692872839e-10 3.48995692872839e-10 3.48995692872839e-10 3.48995692872839e-05 3.48995692872839e-10 3.48995692872839e-10 3.48995692872839e-10 3.48995692872839e-10 3.48995692872839e-10 3.48995692872839e-10 3.48995692872839e-10 3.48995692872839e-10 3.48995692872839e-10 3.48995692872839e-10 3.48995692872839e-10 3.48995692872839e-10 0.280094820475074 0.337997243774994 0.142005648716639 0.155412885941841 0.0353824130321904 0.0258624812746504 0.0121379129908635 0.00602929011310868 0.00281631314493892 0.000753661264138585 0.000674328499492418 0.000277664676261584 0.000356997440907751 7.93327646461668e-05 7.93327646461668e-05 3.96663823230834e-10 3.96663823230834e-05 3.96663823230834e-10 3.96663823230834e-10 3.96663823230834e-10 3.96663823230834e-10 3.96663823230834e-10 3.96663823230834e-10 3.96663823230834e-10 3.96663823230834e-10 3.96663823230834e-10 3.96663823230834e-10 3.96663823230834e-10 3.96663823230834e-10 3.96663823230834e-10 3.96663823230834e-10 3.96663823230834e-10 3.96663823230834e-10 0.223392690908022 0.224325580658159 0.273877205926629 0.121640284921091 0.107560857259468 0.0220395281063572 0.014825687078317 0.00636808035578718 0.00348254394457112 0.00134326695004886 0.000398005022236699 0.000447755650016286 4.97506277795874e-05 0.000248753138897937 4.97506277795874e-10 4.97506277795874e-10 4.97506277795874e-10 4.97506277795874e-10 4.97506277795874e-10 4.97506277795874e-10 4.97506277795874e-10 4.97506277795874e-10 4.97506277795874e-10 4.97506277795874e-10 4.97506277795874e-10 4.97506277795874e-10 4.97506277795874e-10 4.97506277795874e-10 4.97506277795874e-10 4.97506277795874e-10 4.97506277795874e-10 4.97506277795874e-10 4.97506277795874e-10 0.172830141531341 0.207590028027384 0.204770720999135 0.261676207595634 0.0721890983812168 0.0603925242367014 0.0103869206303909 0.00608376779780038 0.00237415328694649 0.000890307482604934 0.000519346031519545 0.000148384580434156 0.000148384580434156 7.41922902170779e-10 7.41922902170779e-10 7.41922902170779e-10 7.41922902170779e-10 7.41922902170779e-10 7.41922902170779e-10 7.41922902170779e-10 7.41922902170779e-10 7.41922902170779e-10 7.41922902170779e-10 7.41922902170779e-10 7.41922902170779e-10 7.41922902170779e-10 7.41922902170779e-10 7.41922902170779e-10 7.41922902170779e-10 7.41922902170779e-10 7.41922902170779e-10 7.41922902170779e-10 7.41922902170779e-10 0.28507591489668 0.133204093340582 0.164781846936706 0.17260642304902 0.160776409164927 0.041544773167762 0.0315777535961241 0.00521638407487595 0.00298079089992911 0.00130409601871899 0.000558898293736709 9.31497156227848e-05 0.00018629943124557 9.31497156227848e-05 9.31497156227848e-10 9.31497156227848e-10 9.31497156227848e-10 9.31497156227848e-10 9.31497156227848e-10 9.31497156227848e-10 9.31497156227848e-10 9.31497156227848e-10 9.31497156227848e-10 9.31497156227848e-10 9.31497156227848e-10 9.31497156227848e-10 9.31497156227848e-10 9.31497156227848e-10 9.31497156227848e-10 9.31497156227848e-10 9.31497156227848e-10 9.31497156227848e-10 9.31497156227848e-10 0.464874453603335 0.166286242996501 0.0762532746226966 0.100177528190571 0.0807337885417685 0.0747315906501816 0.0178375176778148 0.0141178457450004 0.00262067795266474 0.00152168397251501 0.000591765989311393 8.45379984730561e-05 8.45379984730561e-05 8.45379984730561e-10 8.45379984730561e-05 8.45379984730561e-10 8.45379984730561e-10 8.45379984730561e-10 8.45379984730561e-10 8.45379984730561e-10 8.45379984730561e-10 8.45379984730561e-10 8.45379984730561e-10 8.45379984730561e-10 8.45379984730561e-10 8.45379984730561e-10 8.45379984730561e-10 8.45379984730561e-10 8.45379984730561e-10 8.45379984730561e-10 8.45379984730561e-10 8.45379984730561e-10 8.45379984730561e-10 0.577619770968473 0.206538601621857 0.0741900699310239 0.0350472018049553 0.0369780159277658 0.0294302879931427 0.026036735898506 0.00649455659490824 0.00573393284955863 0.000994661820841802 0.000585095188730472 0.000351057113238283 5.85095188730472e-10 5.85095188730472e-10 5.85095188730472e-10 5.85095188730472e-10 5.85095188730472e-10 5.85095188730472e-10 5.85095188730472e-10 5.85095188730472e-10 5.85095188730472e-10 5.85095188730472e-10 5.85095188730472e-10 5.85095188730472e-10 5.85095188730472e-10 5.85095188730472e-10 5.85095188730472e-10 5.85095188730472e-10 5.85095188730472e-10 5.85095188730472e-10 5.85095188730472e-10 5.85095188730472e-10 5.85095188730472e-10 0.349370050603663 0.382210248123491 0.138633013269903 0.0535021637750543 0.0189045018095322 0.0199345547927439 0.015996116915758 0.0134512801337056 0.00393843787698588 0.00278720218986693 0.00054532216758266 0.000484730815629031 0.000242365407814515 6.05913519536289e-10 6.05913519536289e-10 6.05913519536289e-10 6.05913519536289e-10 6.05913519536289e-10 6.05913519536289e-10 6.05913519536289e-10 6.05913519536289e-10 6.05913519536289e-10 6.05913519536289e-10 6.05913519536289e-10 6.05913519536289e-10 6.05913519536289e-10 6.05913519536289e-10 6.05913519536289e-10 6.05913519536289e-10 6.05913519536289e-10 6.05913519536289e-10 6.05913519536289e-10 6.05913519536289e-10 0.187626705181541 0.281158523804777 0.320461916785742 0.124331796300021 0.0362086376281331 0.0128432347142523 0.0119148081084028 0.0113732259216572 0.00897479052321248 0.00239843539844472 0.00201159097934073 0.000309475535283189 0.000232106651462392 0.000154737767641595 7.73688838207973e-10 7.73688838207973e-10 7.73688838207973e-10 7.73688838207973e-10 7.73688838207973e-10 7.73688838207973e-10 7.73688838207973e-10 7.73688838207973e-10 7.73688838207973e-10 7.73688838207973e-10 7.73688838207973e-10 7.73688838207973e-10 7.73688838207973e-10 7.73688838207973e-10 7.73688838207973e-10 7.73688838207973e-10 7.73688838207973e-10 7.73688838207973e-10 7.73688838207973e-10 0.341536899718372 0.124221927846372 0.188346661102097 0.223725824277669 0.0735223234742357 0.021243292174618 0.00702844982728998 0.00647565040267167 0.00647565040267167 0.00450136674332055 0.00126354154198472 0.00110559884923663 0.000236914039122134 0.000236914039122134 7.89713463740448e-05 7.89713463740448e-10 7.89713463740448e-10 7.89713463740448e-10 7.89713463740448e-10 7.89713463740448e-10 7.89713463740448e-10 7.89713463740448e-10 7.89713463740448e-10 7.89713463740448e-10 7.89713463740448e-10 7.89713463740448e-10 7.89713463740448e-10 7.89713463740448e-10 7.89713463740448e-10 7.89713463740448e-10 7.89713463740448e-10 7.89713463740448e-10 7.89713463740448e-10 0.178629388019842 0.283513148298726 0.104967488156168 0.170471237976699 0.173398216011823 0.0550070010049147 0.0152404718380589 0.00484465329951543 0.00403721108292952 0.00434000191414924 0.00383535052878305 0.00050465138536619 0.000807442216585904 0.000100930277073238 0.000201860554146476 0.000100930277073238 1.00930277073238e-09 1.00930277073238e-09 1.00930277073238e-09 1.00930277073238e-09 1.00930277073238e-09 1.00930277073238e-09 1.00930277073238e-09 1.00930277073238e-09 1.00930277073238e-09 1.00930277073238e-09 1.00930277073238e-09 1.00930277073238e-09 1.00930277073238e-09 1.00930277073238e-09 1.00930277073238e-09 1.00930277073238e-09 1.00930277073238e-09 0.277094770983163 0.134030468780044 0.228078562634608 0.0852161662590842 0.116247263216174 0.110995846808051 0.0318665495674727 0.00751907349344861 0.00190960596659012 0.00202895633950201 0.00250635783114954 0.00155155484785447 0.000358051118735648 0.000358051118735648 0.000119350372911883 0.000119350372911883 1.19350372911883e-09 1.19350372911883e-09 1.19350372911883e-09 1.19350372911883e-09 1.19350372911883e-09 1.19350372911883e-09 1.19350372911883e-09 1.19350372911883e-09 1.19350372911883e-09 1.19350372911883e-09 1.19350372911883e-09 1.19350372911883e-09 1.19350372911883e-09 1.19350372911883e-09 1.19350372911883e-09 1.19350372911883e-09 1.19350372911883e-09 0.448157943398411 0.165453338690036 0.0766600469263833 0.144495915789298 0.0407015213177488 0.0554820195740587 0.0477608637685237 0.0144495915789298 0.00264725341904057 0.000992720032140216 0.000882417806346858 0.00132362670952029 0.000882417806346858 1.10302225793357e-09 1.10302225793357e-09 1.10302225793357e-09 0.000110302225793357 1.10302225793357e-09 1.10302225793357e-09 1.10302225793357e-09 1.10302225793357e-09 1.10302225793357e-09 1.10302225793357e-09 1.10302225793357e-09 1.10302225793357e-09 1.10302225793357e-09 1.10302225793357e-09 1.10302225793357e-09 1.10302225793357e-09 1.10302225793357e-09 1.10302225793357e-09 1.10302225793357e-09 1.10302225793357e-09
# vulr
0.133610623952726 0.206612294096436 0.24019377008633 1 0.989723498895947 0.956502348489368 0.914624621279533 0.871391581536679 0.830308879137967 0.792874029436893 0.759548885794036 0.730281458077166 0.704782975660364 0.682672872661166 0.663552712763884 0.647042038614816 0.632794001122739 0.62050044640413 0.609891700041214 0.600733869161216 0.592825160105553 0.585991985925632 0.580085243705888 0.574976929138819 0.570557143532543 0.566731491451335 0.563418840397934 0.560549403369006 0.558063102979778 0.555908177866811 0.55403999590038 0.552420043127591 0.55101506169415
# vulc
0.00125648531393177 0.0041414950124367 0.013427689312593 0.10340045145825 0.27687819487561 0.559713649267193 0.808454651438533 0.933391964424909 0.978958652979532 0.993567891533081 0.998053939014914 0.999413059503919 0.9998231443812 0.999946725527202 0.999983953439761 0.999995166814738 0.999998544267658 0.999999561541398 0.999999867938767 0.999999960223917 0.999999988019674 0.999999996391595 0.999999998913169 0.999999999672653 0.999999999901405 0.999999999970304 0.999999999991056 0.999999999997306 0.999999999999189 0.999999999999756 0.999999999999926 0.999999999999978 0.999999999999993
# Mage
0.4 0.359 0.302 0.265 0.238 0.218 0.203 0.191 0.182 0.174 0.167 0.162 0.158 0.154 0.15 0.147 0.145 0.143 0.141 0.139 0.138 0.136 0.135 0.134 0.133 0.133 0.132 0.131 0.131 0.13 0.13 0.129 0.129
# c1
105 105 105 105 105 105 105 105 105 105 105 105 105 106 106 106 106 106 106 106 106 106 106 106 106 107 107 107 107 107 107 107 107 107 107 107 108 108 108 108 108 108 108 108 108 108 109 109 109 109 109 109 109 109 109 109 109 109 109 109 109 109 109 109 110 110 110 110 110 110 110 110 110 110 110 110 110 110 110 110 110 110 110 110 110 110 110 110 110 110 110 110 110 110 110 110 111 111 111 111 111 111 111 111 111 111 111 111 111 111 111 111 111 111 111 111 111 111 111 111 111 111 111 111 111 111 111 111 111 111 111 112 112 112 112 112 112 112 112 112 112 112 112 112 112 112 112 112 112 112 112 112 112 112 112 112 112 112 112 112 112 113 113 113 113 113 113 113 113 113 113 113 113 113 113 113 114 114 114 114 114 114 114 114 115 115 115 116 116 117
# c2
106 107 108 109 110 111 112 113 114 115 116 117 118 107 108 109 110 111 112 113 114 115 116 117 118 108 109 110 111 112 113 114 115 116 117 118 109 110 111 112 113 114 115 116 117 118 110 110 111 111 112 112 113 113 114 114 115 115 116 116 117 117 118 118 111 111 111 111 112 112 112 112 113 113 113 113 114 114 114 114 115 115 115 115 116 116 116 116 117 117 117 117 118 118 118 118 112 112 112 112 112 113 113 113 113 113 114 114 114 114 114 115 115 115 115 115 116 116 116 116 116 117 117 117 117 117 118 118 118 118 118 113 113 113 113 113 114 114 114 114 114 115 115 115 115 115 116 116 116 116 116 117 117 117 117 117 118 118 118 118 118 114 114 114 115 115 115 116 116 116 117 117 117 118 118 118 115 115 116 116 117 117 118 118 116 117 118 117 118 118
# s1
117 117 117 117 117 117 117 117 117 117 117 117 117 117 117 117 117 117 117 117 117 117 117 117 117 117 117 117 117 117 117 117 117 117 117 117 117 117 117 117 117 117 117 117 117 117 117 119 117 119 117 119 117 119 117 119 117 119 117 119 117 119 117 119 117 117 118 119 117 117 118 119 117 117 118 119 117 117 118 119 117 117 118 119 117 117 118 119 117 117 118 119 117 117 118 119 117 118 118 119 119 117 118 118 119 119 117 118 118 119 119 117 118 118 119 119 117 118 118 119 119 117 118 118 119 119 117 118 118 119 119 117 117 118 118 119 117 117 118 118 119 117 117 118 118 119 117 117 118 118 119 117 117 118 118 119 117 117 118 118 119 117 118 119 117 118 119 117 118 119 117 118 119 117 118 119 118 119 118 119 118 119 118 119 119 119 119 117 117 118
# g1
0 0 0 0 0 0 0 0 0 0 0 0 0 0 0 0 0 0 0 0 0 0 0 0 0 0 0 0 0 0 0 0 0 0 0 0 0 0 0 0 0 0 0 0 0 0 0 1 0 1 0 1 0 1 0 1 0 1 0 1 0 1 0 1 0 1 0 1 0 1 0 1 0 1 0 1 0 1 0 1 0 1 0 1 0 1 0 1 0 1 0 1 0 1 0 1 0 0 1 0 1 0 0 1 0 1 0 0 1 0 1 0 0 1 0 1 0 0 1 0 1 0 0 1 0 1 0 0 1 0 1 0 1 0 1 0 0 1 0 1 0 0 1 0 1 0 0 1 0 1 0 0 1 0 1 0 0 1 0 1 0 0 0 0 0 0 0 0 0 0 0 0 0 0 0 0 0 0 0 0 0 0 0 0 0 0 0 0 0 0
# PO
0 0 0 0 0 0 0 0 0 0 0 0 0 0 0 0 0 0 0 0 0 0 0 0 0 0 0 0 0 0 0 0 0 0 0 0 0 0 0 0 0 0 0 0 0 0 0 0 0 0 0 0 0 0 0 0 0 0 0 0 0 3 0 0 0 0 0 0 0 0 0 0 0 0 0 0 0 0 0 0 0 0 0 0 0 0 0 0 0 0 0 0 0 0 0 0 0 0 0 0 0 0 0 0 0 0 0 0 0 0 0 0 0 0 0 0 0 0 0 0 0 0 0 0 0 0 0 0 0 0 0 0 0 0 0 0 0 0 0 0 0 0 0 0 0 0 0 0 0 0 0 0 1 0 0 0 0 0 0 0 0 0 0 0 0 0 0 0 0 0 0 0 0 0 0 0 0 0 0 0 0 0 0 0 0 0 0 0 0 0
# MO
0 0 0 0 0 0 0 0 1 0 1 0 0 0 0 0 0 0 0 0 0 0 0 0 0 0 0 0 0 0 0 0 0 0 0 0 0 0 0 0 0 0 0 0 0 0 0 0 0 0 0 0 0 0 1 0 0 0 0 0 1 0 0 0 0 0 0 0 0 0 0 0 1 0 0 0 1 0 0 0 0 0 0 0 2 0 0 0 1 0 0 0 0 0 0 0 0 0 0 0 0 0 0 0 0 0 0 0 0 0 0 0 0 0 0 0 2 0 0 1 1 0 5 0 1 0 0 0 0 2 0 0 0 0 0 0 0 0 0 0 0 0 0 0 0 0 0 0 0 0 0 2 0 0 0 1 0 0 0 0 0 0 0 0 0 0 0 0 0 0 0 0 0 0 0 0 0 0 0 0 0 0 1 1 0 0 0 0 0 0
# HSD
0 0 0 0 0 0 0 0 0 0 0 0 0 0 0 0 0 0 0 0 0 0 0 0 0 0 0 0 0 0 0 0 0 0 0 0 0 0 0 0 0 0 0 0 0 0 0 0 1 0 0 0 0 0 3 0 0 0 0 0 0 0 0 0 4 0 0 0 0 0 0 0 0 0 0 0 0 0 0 0 0 0 0 0 0 0 0 0 0 0 0 0 0 0 0 0 6 7 2 3 0 2 3 1 2 0 6 1 1 3 0 0 1 0 1 0 0 2 0 0 0 0 0 0 0 0 0 0 0 0 0 10 0 2 0 4 12 0 5 0 0 1 0 1 0 0 5 0 0 0 3 0 0 0 0 1 4 0 0 0 0 14 10 11 3 1 2 9 8 1 3 3 1 3 1 2 6 7 17 18 5 1 8 8 14 6 3 56 13 26
# HSS
0 0 0 0 0 0 0 0 0 0 0 0 0 0 0 0 0 0 0 0 0 0 0 0 0 0 0 0 0 0 0 0 0 0 0 0 0 0 0 0 0 0 0 0 0 0 0 0 0 0 0 0 0 0 0 0 0 0 0 0 0 0 0 0 0 0 0 0 0 0 0 0 0 0 0 0 0 0 0 0 0 0 0 0 0 0 0 0 0 0 0 0 0 0 0 0 0 1 0 0 0 2 0 0 0 0 0 0 0 0 0 0 0 0 0 0 0 0 0 0 0 0 0 0 0 0 0 0 0 0 0 0 0 0 1 0 1 0 1 0 0 1 0 0 0 0 0 0 1 0 0 1 0 0 0 0 0 0 0 0 0 0 2 1 0 0 0 0 0 0 0 0 0 0 0 0 0 0 1 2 0 1 0 0 0 0 0 4 2 2
# Not
2 2 4 8 34 162 132 100 207 64 233 234 110 1 2 4 17 81 66 50 104 32 117 117 55 2 4 17 81 66 50 104 32 117 117 55 8 34 162 132 100 208 64 234 234 110 51 17 242 81 198 66 150 50 308 104 96 32 351 117 350 114 165 55 968 162 162 81 792 132 132 66 599 100 100 50 1247 208 208 104 384 64 64 32 1402 234 234 117 1403 234 234 117 660 110 110 55 2436 1774 130 921 66 1846 1347 99 698 50 3842 2807 207 1453 104 1184 863 64 447 32 4327 3157 234 1637 116 4329 3154 234 1637 117 2035 1485 110 768 55 1740 50 948 49 496 3627 104 1970 104 1040 1118 32 607 32 320 4090 117 2222 117 1167 4092 116 2223 117 1168 1921 55 1045 55 550 2482 1132 1548 765 351 478 2799 1279 1754 2805 1284 1754 1317 604 823 1850 1465 6768 5362 6781 5380 3181 2521 3730 3738 1757 13629 6420 6407
# mtHZ_est
1
# et
-1
# ef
-1
# comps_weight
0.20099462048306
# index_weight
1
# ckmr_weight
1
# nll_type
1
# eof
999
